0 890 SOA2011_Linked POLY_ID
1 5         6113.48099
1 8         5750.70694
1 4         5879.61661
1 9         3848.60926
1 3         3220.59064
2 7         8690.14398
2 1          6881.2235
2 650         7744.09997
2 9         5965.36272
2 8         5664.09756
3 12         3857.76161
3 13         3320.41127
3 14         3449.79869
3 1         3220.59064
3 5         2933.63563
4 23         3035.12198
4 22         2897.03149
4 12         2363.17189
4 14         1809.00382
4 15         2859.42482
5 11         1758.08682
5 12         1599.79446
5 14         1746.70966
5 23         1338.53289
5 13         603.516672
6 651         7244.93422
6 251         7030.44429
6 234         7090.82894
6 797         6064.12062
6 24         6429.82131
7 4         7697.43511
7 25         5566.26267
7 10         7187.22549
7 17         5415.85144
7 18         5997.27095
8 651          7787.8848
8 1         5750.70694
8 2         5664.09756
8 9         1999.88328
8 650           2402.344
9 3         6984.11299
9 1         3848.60926
9 2         5965.36272
9 8         1999.88328
9 650          3941.9406
10 7         7187.22549
10 116         5092.10447
10 119         6926.42532
10 18         3584.32229
10 17         6776.12305
11 12         1770.04685
11 22         1464.77999
11 5         1758.08682
11 23         1104.40129
11 13         1458.62947
12 5         1599.79446
12 22         827.926903
12 13         1017.72607
12 23         674.122025
12 14         653.591669
13 11         1458.62947
13 12         1017.72607
13 14         1292.08968
13 23         760.129043
13 5         603.516672
14 5         1746.70966
14 23          1273.8807
14 22         1433.00789
14 12         653.591669
14 13         1292.08968
15 14          2678.8018
15 21         1586.38227
15 12         2490.37671
15 20         1432.34101
15 22         2067.93626
16 24         6060.38355
16 786          5419.1162
16 21         5822.67749
16 785           5095.527
16 11         5318.29156
17 21         4926.37984
17 4         3783.13497
17 20         4764.46237
17 15         3371.57286
17 18         3324.88241
18 7         5997.27095
18 19         5098.71496
18 15         5739.59239
18 10         3584.32229
18 17         3324.88241
19 18         5098.71496
19 21         4111.37204
19 20         4791.78823
19 118         4076.11519
19 15         4195.99129
20 23         1643.20651
20 15         1432.34101
20 12         1617.60251
20 21         793.996123
20 22         867.435352
21 11         2386.32477
21 15         1586.38227
21 23         2314.81186
21 20         793.996123
21 22         1596.54356
22 11         1464.77999
22 12         827.926903
22 14         1433.00789
22 23         788.736968
22 20         867.435352
23 14          1273.8807
23 22         788.736968
23 11         1104.40129
23 12         674.122025
23 13         760.129043
24 13         5698.59893
24 11         5328.50937
24 785         5562.02204
24 5         5264.24567
24 797         5288.80925
25 18         8955.67737
25 685         6299.50488
25 688         8833.68832
25 7         5566.26267
25 10         7575.86568
26 51         5194.44819
26 55         4020.80953
26 539         4397.61601
26 27         1943.73016
26 540         2124.32536
27 41         5085.12729
27 55         2129.38893
27 358          4688.4062
27 26         1943.73016
27 540         2404.38131
28 32         2803.47852
28 69         2537.36183
28 68         2652.72955
28 31         2319.66702
28 39         2130.21634
29 59         7190.92076
29 54         6374.56784
29 33         6885.14011
29 30         2696.47739
29 34         4325.68591
30 33         7149.73096
30 54         3863.89031
30 67         6290.41579
30 29         2696.47739
30 34         6180.85044
31 47         2148.33113
31 35         1591.42369
31 70         1813.08302
31 69         1525.69338
31 46         1091.60636
32 338         2929.72367
32 46         2724.08013
32 28         2803.47852
32 31         2191.88095
32 47         2022.66314
33 57         5626.88989
33 58         4907.81648
33 59         5551.43779
33 34          4312.8407
33 48         4946.04677
34 30         6180.85044
34 29         4325.68591
34 60         5064.35714
34 59         3004.67076
34 33          4312.8407
35 46         1458.37558
35 61         1449.46308
35 50         1344.88813
35 69         903.433514
35 49         878.644588
36 40         2572.54044
36 41         2010.78014
36 37         1618.75284
36 38         547.495459
36 39         1532.72958
37 56         3221.15605
37 38          1657.4665
37 39         2151.61754
37 36         1618.75284
37 68           2021.122
38 40         2384.22054
38 41         2099.22739
38 37          1657.4665
38 36         547.495459
38 39         985.594791
39 37         2151.61754
39 36         1532.72958
39 28         2130.21634
39 38         985.594791
39 68         1996.76398
40 332         2789.26069
40 38         2384.22054
40 36         2572.54044
40 41         1222.59858
40 39          2304.3334
41 55         2988.52326
41 36         2010.78014
41 39         2528.16861
41 40         1222.59858
41 38         2099.22739
42 59         4554.64272
42 44         1044.48911
42 60         3267.33989
42 45         930.255236
42 43         2516.72251
43 836         2890.81129
43 42         2516.72251
43 809         2658.61269
43 44         2377.54742
43 814         2408.47855
44 59         3697.07275
44 45         1130.42737
44 43         2377.54742
44 42         1044.48911
44 60         2223.20088
45 59         3872.62055
45 44         1130.42737
45 43         3283.16763
45 42         930.255236
45 60         3088.79587
46 49         1601.30162
46 35         1458.37558
46 61         1237.84028
46 70         734.187348
46 31         1091.60636
47 31         2148.33113
47 70         1922.56782
47 32         2022.66314
47 46          1704.4057
47 71         1666.77054
48 35         1759.51002
48 63         1702.91431
48 57         1738.19146
48 50         1218.66683
48 49         1219.35445
49 48         1219.35445
49 35         878.644588
49 63         1038.11943
49 50         472.680462
49 61         845.824873
50 48         1218.66683
50 61         683.807853
50 57         956.313544
50 63         610.318604
50 49         472.680462
51 27          5549.5924
51 26         5194.44819
51 523         5261.57409
51 56         3990.75617
51 52          3045.5887
52 26         8011.15802
52 56         6243.06241
52 523         5902.80967
52 51          3045.5887
52 524          3999.6008
53 54         6119.79564
53 64         5700.39847
53 65         5940.65766
53 67         5139.16055
53 66         5845.47733
54 29         6374.56784
54 30         3863.89031
54 53         6119.79564
54 67         3331.65076
54 66          4972.1955
55 56         4080.92057
55 26         4020.80953
55 36         3804.00126
55 27         2129.38893
55 41         2988.52326
56 55         4080.92057
56 51         3990.75617
56 38         4023.62987
56 36         3541.29526
56 37         3221.15605
57 49           1428.074
57 50         956.313544
57 61         1110.54878
57 63         515.944881
57 62         821.528951
58 50         3105.38182
58 830         2603.21657
58 63         2685.99482
58 62         2512.97911
58 57         2186.02658
59 42         4554.64272
59 45         3872.62055
59 44         3697.07275
59 34         3004.67076
59 60         2490.62075
60 43         3337.14263
60 45         3088.79587
60 42         3267.33989
60 59         2490.62075
60 44         2223.20088
61 62          963.76815
61 50         683.807853
61 49         845.824873
61 70         662.142576
61 63         595.676758
62 71         1291.32645
62 70         1201.24919
62 57         821.528951
62 61          963.76815
62 63          721.36566
63 49         1038.11943
63 50         610.318604
63 62          721.36566
63 61         595.676758
63 57         515.944881
64 67         10224.9832
64 53         5700.39847
64 533         9923.79352
64 65          1962.3949
64 543         7516.25022
65 524         9505.12754
65 53         5940.65766
65 533         8040.71794
65 543         5898.39027
65 64          1962.3949
66 29         9034.52386
66 30         7526.06576
66 53         5845.47733
66 67         1686.17957
66 54          4972.1955
67 29         8155.30514
67 30         6290.41579
67 53         5139.16055
67 54         3331.65076
67 66         1686.17957
68 38         2456.77764
68 35         2395.95666
68 37           2021.122
68 39         1996.76398
68 69         1612.61753
69 46         1970.12638
69 31         1525.69338
69 49         1769.98936
69 35         903.433514
69 68         1612.61753
70 71         1311.88182
70 46         734.187348
70 62         1201.24919
70 61         662.142576
70 63         1188.53894
71 61         1700.01793
71 47         1666.77054
71 829         1648.56632
71 70         1311.88182
71 62         1291.32645
72 78         3309.44563
72 96         2139.38891
72 80          2461.8607
72 91         1797.53035
72 74         1494.40921
73 96         6900.00104
73 91          6561.3039
73 80          6327.4131
73 72         4850.03264
73 74         5475.36247
74 91         2414.26804
74 96         1724.63308
74 77         2234.48696
74 72         1494.40921
74 80         1013.37162
75 90          9115.4387
75 85         6437.43227
75 749         8515.47363
75 84         3833.42513
75 79         6762.86488
76 83          7402.6957
76 88         5548.88151
76 562         6943.60864
76 564          5037.4579
76 551         6564.33168
77 91         2901.72829
77 96         1500.72415
77 74         2234.48696
77 78         802.121594
77 80         1483.42363
78 74         2542.91339
78 91         2453.69006
78 80         2050.94759
78 96         1201.97223
78 77         802.121594
79 85         11896.5889
79 90         9105.20486
79 75         6762.86488
79 84          3398.4521
79 86         8962.12587
80 72          2461.8607
80 96         1753.74598
80 78         2050.94759
80 77         1483.42363
80 74         1013.37162
81 87         6261.09573
81 94         4936.95844
81 85         6122.63484
81 82         2964.80426
81 93         4734.69963
82 83         5449.93166
82 93         3194.84184
82 94          3721.2986
82 81         2964.80426
82 87         3511.59694
83 91         5732.86742
83 88         4653.35235
83 82         5449.93166
83 94          1879.7103
83 93         2269.55547
84 86         9529.16659
84 85         8504.27942
84 75         3833.42513
84 90         7184.53157
84 79          3398.4521
85 78          6582.8364
85 75         6437.43227
85 77           6504.477
85 89         5271.02824
85 81         6122.63484
86 80         9800.23247
86 79         8962.12587
86 84         9529.16659
86 90          6593.9137
86 73         9003.62595
87 418         5389.80601
87 417         3609.29666
87 411         3896.68383
87 82         3511.59694
87 95         2729.10833
88 94         6475.08644
88 76         5548.88151
88 413         5803.38041
88 83         4653.35235
88 447         5771.88014
89 82         8718.93111
89 92         6512.33049
89 759         7587.95283
89 85         5271.02824
89 81         6518.18682
90 96         5643.86106
90 78          5490.4206
90 77         4690.29397
90 74         4538.41036
90 80         3922.48237
91 77         2901.72829
91 72         1797.53035
91 78         2453.69006
91 96         1407.67846
91 74         2414.26804
92 759         7793.62191
92 89         6512.33049
92 87         7738.85727
92 156         6443.24321
92 734         7684.16528
93 87         5474.32846
93 82         3194.84184
93 81         4734.69963
93 94         634.600827
93 83         2269.55547
94 91         5640.84527
94 82          3721.2986
94 81         4936.95844
94 93         634.600827
94 83          1879.7103
95 415          3952.3484
95 152         3798.78194
95 417         3225.72398
95 411         1963.22525
95 87         2729.10833
96 80         1753.74598
96 91         1407.67846
96 74         1724.63308
96 78         1201.97223
96 77         1500.72415
97 106         1933.61942
97 111         1887.14506
97 112         1670.11579
97 103         981.342047
97 121         1326.53581
98 122         4171.88223
98 113         2850.22859
98 108         3677.24746
98 99         669.622858
98 112          3480.7244
99 100         3917.43901
99 113         2217.42968
99 108         3741.84661
99 98         669.622858
99 112         3098.41214
100 120         2306.69796
100 101         2149.87126
100 97         2043.69204
100 117         1255.49943
100 113         1766.90667
101 100         2149.87126
101 117         1068.87397
101 106         1692.69315
101 120         903.001215
101 102         1336.18371
102 111         1916.40245
102 101         1336.18371
102 125         1576.87293
102 120         829.467356
102 106         1167.99403
103 106         1925.27883
103 111         1386.99702
103 109         1505.94852
103 121         745.816222
103 97         981.342047
104 102         3111.59963
104 109         2505.53393
104 111         2776.19412
104 105          2146.6488
104 125         2080.28708
105 102          5234.7494
105 109         4285.57189
105 111         4794.74281
105 125         4185.34536
105 104          2146.6488
106 121         1278.13292
106 102         1167.99403
106 125         1189.48701
106 120         799.670483
106 111         970.429566
107 121          5987.2812
107 110         5593.87011
107 103         5635.31801
107 108         5342.86939
107 109         5379.68789
108 97         4003.09386
108 99         3741.84661
108 113         3966.20769
108 112           2445.557
108 98         3677.24746
109 106         1901.77214
109 125         1250.58228
109 103         1505.94852
109 111         934.344128
109 121         1078.19184
110 122         7499.67895
110 107         5593.87011
110 123         5537.04663
110 108         5199.57331
110 135         4771.98875
111 103         1386.99702
111 106         970.429566
111 109         934.344128
111 125         819.439762
111 121         647.033378
112 121         2770.76543
112 103          2095.3447
112 108           2445.557
112 97         1670.11579
112 113         1935.42568
113 98         2850.22859
113 112         1935.42568
113 97         2278.34053
113 100         1766.90667
113 99         2217.42968
114 124         9581.78098
114 105         8770.36592
114 126         9435.36937
114 107         8063.40053
114 129         9311.46783
115 102          9750.2438
115 786         7710.15597
115 124         9082.66534
115 118         7422.55218
115 16         8744.52524
116 113         6187.94046
116 10         5092.10447
116 122         5965.30977
116 98         4682.48516
116 99         4744.37528
117 102         2325.01035
117 120         1643.06088
117 106          2247.4545
117 101         1068.87397
117 100         1255.49943
118 102         6902.54465
118 19         4076.11519
118 117         6515.50188
118 119          3883.3168
118 101          6286.3529
119 19         5105.31541
119 117         3992.16007
119 100         4717.25883
119 118          3883.3168
119 101         4418.33479
120 111         1766.14455
120 101         903.001215
120 117         1643.06088
120 102         829.467356
120 106         799.670483
121 97         1326.53581
121 106         1278.13292
121 109         1078.19184
121 111         647.033378
121 103         745.816222
122 116         5965.30977
122 99         4839.90532
122 108          5746.1178
122 123         4562.43845
122 98         4171.88223
123 108         7404.69245
123 110         5537.04663
123 135         4867.54669
123 705         3507.35546
123 122         4562.43845
124 125         9692.35369
124 114         9581.78098
124 115         9082.66534
124 105         5870.15143
124 104         7653.74464
125 102         1576.87293
125 106         1189.48701
125 121         1464.86581
125 111         819.439762
125 109         1250.58228
126 129         10119.5261
126 713         9749.94519
126 140         8521.84668
126 136         7669.54959
126 114         9435.36937
127 138         6371.36691
127 133         5671.96391
127 128         6123.60599
127 137         5630.91349
127 130         4780.95643
128 130         2486.66179
128 132         1195.47299
128 138         2148.31936
128 137         870.418516
128 133         1451.90153
129 107          8506.5939
129 110         7840.21186
129 134         7556.64688
129 131         4683.21292
129 136         6116.08577
130 138         4261.45067
130 137         2759.52853
130 132         3574.29063
130 128         2486.66179
130 133         3318.59119
131 141         7158.87834
131 136          4799.6618
131 132         6749.80144
131 129         4683.21292
131 134         3842.63027
132 130         3574.29063
132 137         1710.23762
132 138         2194.88092
132 128         1195.47299
132 133         1998.88306
133 139         2714.59283
133 128         1451.90153
133 132         1998.88306
133 137         636.211226
133 138         956.747701
134 129         7556.64688
134 135         6942.24664
134 132         6770.64268
134 131         3842.63027
134 141         3500.62423
135 379         8045.99111
135 705         6270.81876
135 134         6942.24664
135 110         4771.98875
135 123         4867.54669
136 126         7669.54959
136 140         6148.72649
136 130         7251.39819
136 129         6116.08577
136 131          4799.6618
137 130         2759.52853
137 128         870.418516
137 132         1710.23762
137 133         636.211226
137 138         1514.67057
138 132         2194.88092
138 128         2148.31936
138 139         1957.58243
138 133         956.747701
138 137         1514.67057
139 132         4089.71114
139 128         4083.64056
139 138         1957.58243
139 133         2714.59283
139 137         3348.11755
140 126         8521.84668
140 130         6162.48274
140 128         8343.91376
140 136         6148.72649
140 709         6618.21601
141 131         7158.87834
141 132         7121.77649
141 379         6534.33807
141 364         5550.84086
141 134         3500.62423
142 150         2073.14957
142 143         1050.22889
142 159         1871.16705
142 160         683.472462
142 151          1850.2463
143 150         2470.03898
143 160         1353.22948
143 145         2222.51147
143 142         1050.22889
143 151         1604.93082
144 530         8364.84291
144 154         7966.17033
144 153         8015.23243
144 517         7335.03597
144 518         4657.03305
145 143         2222.51147
145 142         2189.09523
145 150         793.987328
145 160         1579.29131
145 151         719.077998
146 145         5941.68021
146 142          4850.8294
146 160         5329.68834
146 143         3989.58729
146 151         5223.54716
147 657         6061.29875
147 148         2168.52222
147 157         5032.68845
147 149         1983.86632
147 658          3981.7973
148 427          6457.5839
148 157         2871.98556
148 658         6103.77561
148 149          2094.2144
148 147         2168.52222
149 658         5553.50722
149 157         4530.68666
149 153          4992.2427
149 148          2094.2144
149 147         1983.86632
150 142         2073.14957
150 159         1989.44824
150 151         1338.43227
150 145         793.987328
150 160         1389.91085
151 142          1850.2463
151 143         1604.93082
151 150         1338.43227
151 160         1403.69986
151 145         719.077998
152 416         4985.97128
152 415         3913.65909
152 411         4784.21666
152 95         3798.78194
152 155         3772.52471
153 144         8015.23243
153 645         6131.01359
153 148         6838.89398
153 149          4992.2427
153 147         6772.78544
154 143         9807.33735
154 144         7966.17033
154 153         8981.82415
154 146         6103.11875
154 158         6305.80003
155 151         3686.15433
155 160         3500.99357
155 150         2382.92527
155 159          2836.6323
155 145         3014.32524
156 143         5903.97065
156 151         4947.12996
156 150         5847.12218
156 734         4231.84566
156 145         5090.12179
157 159         5890.32648
157 149         4530.68666
157 147         5032.68845
157 148         2871.98556
157 427         4708.80247
158 733          6899.0639
158 748         6665.31199
158 154         6305.80003
158 747         4677.82353
158 755         6139.08797
159 155          2836.6323
159 142         1871.16705
159 145         2663.14899
159 160         1629.32838
159 150         1989.44824
160 145         1579.29131
160 143         1353.22948
160 151         1403.69986
160 142         683.472462
160 150         1389.91085
161 250         807.943728
161 248         697.486858
161 233         725.777111
161 162         455.337137
161 232         628.484674
162 233         932.257597
162 258         925.924062
162 232         504.595968
162 163         444.528316
162 161         455.337137
163 259         958.438928
163 223         602.575566
163 161         899.820723
163 162         444.528316
163 232         725.552684
164 212         659.020607
164 310         512.653302
164 253          614.70033
164 165         343.792644
164 166         563.691779
165 212         641.735047
165 164         343.792644
165 310         636.613213
165 166         341.616749
165 210         580.763657
166 210         581.408981
166 216          519.39372
166 164         563.691779
166 165         341.616749
166 310         535.132495
167 245         867.046967
167 247         570.735557
167 191         818.475769
167 246         530.435032
167 168         510.600056
168 286         927.123266
168 167         510.600056
168 247         852.933172
168 169         441.442816
168 191         784.538384
169 191          738.09698
169 244         662.095392
169 285         675.821711
169 286         499.771781
169 168         441.442816
170 287         919.532162
170 172         721.444848
170 307         906.698861
170 171          349.55661
170 306         700.739162
171 307         865.537689
171 172         377.839598
171 306         654.233637
171 170          349.55661
171 287         601.111473
172 306         869.996369
172 170         721.444848
172 190         775.259136
172 171         377.839598
172 287         428.983994
173 269         865.845504
173 174         512.721311
173 266         800.121003
173 270         489.427001
173 175         618.453296
174 282         881.414078
174 269         854.371316
174 194         591.898978
174 173         512.721311
174 175         385.100567
175 197         765.282754
175 195         588.205912
175 173         618.453296
175 194         380.770969
175 174         385.100567
176 253         1029.28994
176 212         798.223156
176 178         741.691174
176 252         468.334793
176 177         483.344452
177 201         814.400701
177 212         681.413732
177 211         727.786456
177 176         483.344452
177 178         480.455389
178 209         1130.01666
178 176         741.691174
178 211         1079.48544
178 177         480.455389
178 201         671.579364
179 219         845.852149
179 298         566.118018
179 181         827.344558
179 180         493.084505
179 189          772.99491
180 214         674.983053
180 213         659.437425
180 219         574.384343
180 181         458.878016
180 179         493.084505
181 214         784.926959
181 180         458.878016
181 299         670.122304
181 213         345.438882
181 298         653.460418
182 806         1465.43751
182 183         1412.71954
182 203         1421.82593
182 184         677.620323
182 807         1128.18271
183 182         1412.71954
183 199         1020.07912
183 806         900.855629
183 184         808.627069
183 200         694.355546
184 200         1348.17515
184 183         808.627069
184 807           1013.317
184 182         677.620323
184 806         838.667249
185 169         1061.87771
185 279         810.015428
185 285            972.851
185 186         590.976002
185 168         952.876755
186 286         1413.95423
186 187         961.461443
186 279          1348.6536
186 185         590.976002
186 285         1062.48329
187 185         1511.93828
187 284         1224.85252
187 842         1450.08407
187 186         961.461443
187 841         1309.65928
188 302         1051.18347
188 222         978.606535
188 256         929.631565
188 303         912.364679
188 301         915.818723
189 179          772.99491
189 304         565.905528
189 303         769.744665
189 219         486.456607
189 274         602.992602
190 288         705.293176
190 287         631.445699
190 244         549.227118
190 191         549.692223
190 192         480.751129
191 244         771.338694
191 247         491.194688
191 169          738.09698
191 192         430.856802
191 190         549.692223
192 288         677.354985
192 247         662.176126
192 265         666.364228
192 191         430.856802
192 190         480.751129
193 195         654.992079
193 304         594.180957
193 194         645.600781
193 302         587.097892
193 196         530.211597
194 196         656.608959
194 175         380.770969
194 193         645.600781
194 195         351.589728
194 174         591.898978
195 193         654.992079
195 197         492.668541
195 175         588.205912
195 196          382.28566
195 194         351.589728
196 274         669.798803
196 273         552.741765
196 194         656.608959
196 195          382.28566
196 193         530.211597
197 175         765.282754
197 196          697.90538
197 194         761.311214
197 273         627.137069
197 195         492.668541
198 229         954.910217
198 199          788.93692
198 228         865.097097
198 230         458.242446
198 200         792.507244
199 183         1020.07912
199 202         654.292642
199 230         926.882219
199 200          460.85104
199 198          788.93692
200 230          1124.7131
200 202         1113.52021
200 198         792.507244
200 199          460.85104
200 183         694.355546
201 211          885.75971
201 208         835.853795
201 177         814.400701
201 209         529.929887
201 178         671.579364
202 209         1036.34837
202 208         870.720829
202 230         940.712722
202 199         654.292642
202 201         929.131418
203 199         1437.30806
203 201         1251.15201
203 182         1421.82593
203 202         1064.14117
203 178         1290.99229
204 205         1052.15594
204 355         824.332896
204 350         946.921305
204 245         717.028858
204 246         825.857086
205 246         1031.40342
205 279          998.91043
205 350         753.405924
205 278         777.398658
205 361         587.524988
206 331         1527.87392
206 278         1204.46712
206 350         1130.36943
206 205         1149.22099
206 361         578.883736
207 218          747.12003
207 229         689.440421
207 208         623.328803
207 297         387.274929
207 228         528.058006
208 201         835.853795
208 228         488.707342
208 230         735.233015
208 209         436.719258
208 207         623.328803
209 228         906.027922
209 201         529.929887
209 207         828.510553
209 208         436.719258
209 211         710.803291
210 297         733.145925
210 211         582.232019
210 166         581.408981
210 296         404.576332
210 165         580.763657
211 165         753.542234
211 212         589.273216
211 177         727.786456
211 210         582.232019
211 209         710.803291
212 177         681.413732
212 164         659.020607
212 253         637.214942
212 165         641.735047
212 211         589.273216
213 275         684.395016
213 308         585.403337
213 180         659.437425
213 181         345.438882
213 214         623.963075
214 180         674.983053
214 220         628.496048
214 213         623.963075
214 219         530.093371
214 275         497.248708
215 309         752.738427
215 216         511.184074
215 308         742.744013
215 275         443.645747
215 276         693.334994
216 296           798.4954
216 166          519.39372
216 295         741.656105
216 215         511.184074
216 310         683.546195
217 218         1780.76737
217 230         1525.96963
217 228         1688.64246
217 229         1290.87898
217 198         1314.69465
218 261         882.859321
218 229         784.720347
218 207          747.12003
218 262         659.260947
218 297         678.067941
219 274         839.436031
219 220         559.853921
219 180         574.384343
219 189         486.456607
219 214         530.093371
220 189         886.169578
220 221          582.87252
220 274         840.209033
220 219         559.853921
220 214         628.496048
221 214         1048.11893
221 220          582.87252
221 260         925.459261
221 276         560.746537
221 272         872.754163
222 188         978.606535
222 224         830.461544
222 179         955.349773
222 223         682.111487
222 298         889.792437
223 162         957.622228
223 224         619.364221
223 232         930.020337
223 163         602.575566
223 222         682.111487
224 300         1092.75996
224 223         619.364221
224 222         830.461544
224 294          596.09189
224 231         718.888596
225 226         1242.02523
225 227         975.438943
225 291         1237.11364
225 648         750.127923
225 679         1169.91815
226 258         897.763932
226 649         681.736011
226 648          845.10465
226 227         558.963806
226 257         807.175706
227 225         975.438943
227 291         634.536714
227 290         931.436517
227 226         558.963806
227 257         549.894359
228 198         865.097097
228 229         513.600147
228 207         528.058006
228 230         419.769518
228 208         488.707342
229 198         954.910217
229 230         684.533106
229 218         784.720347
229 228         513.600147
229 207         689.440421
230 199         926.882219
230 208         735.233015
230 229         684.533106
230 198         458.242446
230 228         419.769518
231 294         1067.43742
231 233         924.863624
231 223         969.255818
231 232         713.418736
231 224         718.888596
232 163         725.552684
232 161         628.484674
232 231         713.418736
232 233         570.625226
232 162         504.595968
233 161         725.777111
233 250         713.844402
233 232         570.625226
233 238         677.186743
233 239         473.310788
234 251         2188.15617
234 235         1763.38263
234 253         1840.59277
234 240         1314.66223
234 252         1743.99624
235 241         983.433954
235 164         673.377535
235 309         943.338977
235 253         450.367918
235 310         871.630515
236 237         2385.27357
236 239         2332.01473
236 294         2341.85442
236 292         1532.22681
236 231         2230.02315
237 250         1032.45957
237 677         832.455597
237 678         880.865176
237 238         631.979312
237 239         716.752797
238 233         677.186743
238 239         447.060222
238 237         631.979312
238 250         420.215747
238 678         627.455779
239 232         1026.70441
239 233         473.310788
239 250         756.458129
239 238         447.060222
239 237         716.752797
240 235         1331.82483
240 234         1314.66223
240 241          1182.2785
240 293         1068.45124
240 242         1100.98484
241 310         956.119429
241 213         863.573919
241 242         562.832213
241 308         588.640479
241 309         694.785254
242 181         834.497168
242 213         829.611492
242 299         704.251301
242 241         562.832213
242 293           652.3097
243 170         1437.73904
243 286         1379.54147
243 244         1370.03542
243 172         1276.55831
243 171         1359.24818
244 172         874.194574
244 169         662.095392
244 191         771.338694
244 286         549.318309
244 190         549.227118
245 167         867.046967
245 204         717.028858
245 247         822.871879
245 355         478.359373
245 246         652.021847
246 279         930.224878
246 204         825.857086
246 247         927.736061
246 167         530.435032
246 245         652.021847
247 245         822.871879
247 167         570.735557
247 192         662.176126
247 191         491.194688
247 265         544.508406
248 226         919.029605
248 161         697.486858
248 649           777.8331
248 249         662.985935
248 258         557.297443
249 161         838.589237
249 659         720.194535
249 678         783.233232
249 250         504.410863
249 248         662.985935
250 239         756.458129
250 249         504.410863
250 233         713.844402
250 238         420.215747
250 678         614.301701
251 234         2188.15617
251 176         1619.32047
251 177         2009.80082
251 252         1610.78259
251 178         1889.89807
252 235         1157.93673
252 212         867.726493
252 177         895.017466
252 176         468.334793
252 253         763.462433
253 165          882.00333
253 252         763.462433
253 164          614.70033
253 212         637.214942
253 235         450.367918
254 291         1140.97756
254 259         976.770977
254 257         1108.63933
254 290         699.766061
254 255         683.014916
255 290         1360.86861
255 280         1148.06006
255 301         1204.69597
255 256          639.46644
255 254         683.014916
256 302         947.282343
256 255          639.46644
256 188         929.631565
256 301         574.997849
256 281         918.493625
257 258         820.627363
257 291         628.094488
257 226         807.175706
257 290         610.358171
257 227         549.894359
258 161         898.062758
258 226         897.763932
258 257         820.627363
258 259         764.924211
258 248         557.297443
259 162         1077.89255
259 254         976.770977
259 163         958.438928
259 257         928.227493
259 258         764.924211
260 221         925.459261
260 262           634.7053
260 295         835.667552
260 261         442.195211
260 276         735.715699
261 218         882.859321
261 260         442.195211
261 276         856.091929
261 262         223.763573
261 295         463.762863
262 297         971.235676
262 260           634.7053
262 218         659.260947
262 261         223.763573
262 295         489.139899
263 268         748.252482
263 264         592.469544
263 305         607.024387
263 267         542.735118
263 288         488.076194
264 192         929.041612
264 265          597.38466
264 345         919.009075
264 263         592.469544
264 267         814.849841
265 245         888.586689
265 264          597.38466
265 191         831.983519
265 247         544.508406
265 192         666.364228
266 175         811.121856
266 305         782.454569
266 197         807.397636
266 268         475.682089
266 173         800.121003
267 264         814.849841
267 263         542.735118
267 344          794.41738
267 268         488.131567
267 305          648.24342
268 263         748.252482
268 267         488.131567
268 307         668.299432
268 305         352.423951
268 266         475.682089
269 173         865.845504
269 271         802.448726
269 174         854.371316
269 270         741.801437
269 283         825.858097
270 344         850.832085
270 173         489.427001
270 363         828.900836
270 271         391.744701
270 269         741.801437
271 344         894.789324
271 269         802.448726
271 173         878.444507
271 270         391.744701
271 363         605.893371
272 170         1112.33634
272 221         872.754163
272 196         1080.05593
272 273         542.784977
272 197          1047.9772
273 274         892.846692
273 196         552.741765
273 195         733.516923
273 272         542.784977
273 197         627.137069
274 219         839.436031
274 189         602.992602
274 193         735.846487
274 304         533.387807
274 196         669.798803
275 309         831.009574
275 308          552.16186
275 213         684.395016
275 214         497.248708
275 215         443.645747
276 295         864.010456
276 215         693.334994
276 261         856.091929
276 221         560.746537
276 260         735.715699
277 361         1785.36826
277 206         1644.34728
277 841         1662.33935
277 278         1185.96866
277 346         1649.81511
278 206         1204.46712
278 279          833.26464
278 277         1185.96866
278 205         777.398658
278 361         927.409885
279 167         993.722089
279 278          833.26464
279 168         981.868656
279 185         810.015428
279 246         930.224878
280 269         1186.35027
280 255         1148.06006
280 282          1096.8596
280 334         747.463523
280 283         710.463442
281 193         778.887729
281 302         615.767767
281 283         737.813623
281 301         566.127937
281 282         280.533133
282 302         895.455906
282 301         797.221241
282 174         881.414078
282 283         461.939216
282 281         280.533133
283 174         967.970513
283 269         825.858097
283 281         737.813623
283 280         710.463442
283 282         461.939216
284 185         2040.96051
284 186         1498.63109
284 842         1979.95211
284 187         1224.85252
284 285         1798.73078
285 168         1006.87808
285 169         675.821711
285 185            972.851
285 286         371.838762
285 244         921.105059
286 190         1071.42448
286 169         499.771781
286 168         927.123266
286 285         371.838762
286 244         549.318309
287 306         693.485536
287 190         631.445699
287 171         601.111473
287 288         475.272597
287 172         428.983994
288 190         705.293176
288 192         677.354985
288 305         545.279532
288 287         475.272597
288 263         488.076194
289 227         1490.48434
289 290         1216.30861
289 357         1488.46966
289 291          991.93015
289 225         1448.72138
290 259         1121.81222
290 254         699.766061
290 227         931.436517
290 291         443.028315
290 257         610.358171
291 254         1140.97756
291 289          991.93015
291 227         634.536714
291 290         443.028315
291 257         628.094488
292 224         1189.61165
292 231         1157.01621
292 293          1099.8464
292 294         812.463745
292 300         1085.14366
293 240         1068.45124
293 294         869.099306
293 299         655.793639
293 300         405.542852
293 242           652.3097
294 299         885.081523
294 224          596.09189
294 293         869.099306
294 300          557.90913
294 292         812.463745
295 260         835.667552
295 216         741.656105
295 262         489.139899
295 296          640.35425
295 261         463.762863
296 216           798.4954
296 297         511.764668
296 166         697.172097
296 210         404.576332
296 295          640.35425
297 295         867.442105
297 210         733.145925
297 218         678.067941
297 296         511.764668
297 207         387.274929
298 300         831.167182
298 181         653.460418
298 180         685.923507
298 299         507.981347
298 179         566.118018
299 242         704.251301
299 181         670.122304
299 293         655.793639
299 298         507.981347
299 300         425.870038
300 242         848.282935
300 294          557.90913
300 298         831.167182
300 293         405.542852
300 299         425.870038
301 282         797.221241
301 303         612.121154
301 256         574.997849
301 302          373.59818
301 281         566.127937
302 281         615.767767
302 304         553.316279
302 193         587.097892
302 303         346.876614
302 301          373.59818
303 189         769.744665
303 302         346.876614
303 193         725.011783
303 304         339.571591
303 301         612.121154
304 193         594.180957
304 274         533.387807
304 189         565.905528
